Bow 0 6 0.0 0.65 0.0 32.0 1
Eyebrows 0 6 0.0 0.85 0.0 32.0 1
Eyes 3 6 0.0 0.85 0.0 32.0 1
Fastener 0 6 0.0 0.85 0.0 32.0 1
Frills 1 6 0.0 0.85 0.0 32.0 1
Hair 0 6 0.0 0.85 0.0 32.0 1
InnerCorset 0 5 0.0 0.4 0.0 32.0 1
MouthInside 0 6 0.0 0.85 0.0 32.0 1
OuterCorset 0 6 0.0 0.85 0.0 32.0 1
Pupils 0 6 0.0 0.85 0.0 32.0 1
Shoes 0 6 0.0 0.85 0.0 32.0 1
Skin 2 7 0.0 0.85 0.1 32.0 1
Skirt 0 6 0.0 0.65 0.0 32.0 1
Sleeves 0 5 0.0 0.85 0.0 32.0 0
SleeveTops 0 2 0.0 0.85 0.0 32.0 0
Tongue 0 6 0.0 0.85 0.0 32.0 1
Top 0 6 0.0 0.65 0.0 32.0 1